26064 38505 36810 3380 91219

55171 3609 1047 24223 59905

57697 90267 57767 27233 13747

93964 10611 95178 19401 57585

33276 20575 16256 10406 73233

22536 48987 91770 29088 18276

96363 62521 80233 45739 58612

64037 63523 89530 43033 80499

60675 84986 17875 16602 27897

54981 47395 41129 97310 88656

58047 61729 5779 67120 34056

56199 88559 99546 75761 86652

49055 94586 72448 88927 2532

70144 30333 64144 57036 81678

94501 96790 14959 72219 68716 

76027 50658 80926 56621 56732 

56364 18788 120 32529 12176 

56742 80487 21741 97943 13373 

55967 64444 86023 42563 10578 

8328 62534 26372 80230 31972 

57617 41240 99545 96572 47277 

14373 75641 99361 4751 6098 

46387 60920 44497 46181 70781 

29157 51352 13413 63356 66943 

54000 12825 16727 34777 66031 

49355 72750 79297 50330 82481 

82572 31245 13447 82740 39312 

99664 78694 84861 27316 12681 

77986 8259 99057 92138 64493 

83114 51297 66610 60737 70930 

10196 5410 78825 27280 14418 

72300 607 44895 30795 9522 

80229 274 4591 10416 23995 

73928 45629 23878 47546 77628 

65420 16476 77326 27182 27880 

15599 33673 68441 60953 31530 

24698 44600 31514 95984 44643 

28050 76710 33507 79768 19625 

39657 3329 66617 1380 20998 

27748 93048 62315 69728 80191 

72145 94514 13221 12209 4946 

6393 65401 36611 4327 25442 

46526 27195 1283 3168 73243 

62035 26242 81250 11433 26222 

28489 74204 16235 79642 50734 

1930 55156 40017 25033 99014 

17735 5723 93504 65695 25198 

97928 47412 41941 54835 82901 

31060 91136 22501 74689 26668 

88718 56703 45647 33514 39613 

9398 33029 98090 88218 8442 

27838 18864 391 81080 24304 

41658 5295 34640 39477 75512 

6658 96948 53823 59602 89698 

46259 52035 11266 58430 87839 

56129 67058 83328 71674 19524 

30598 10285 6402 22062 11669 

81032 55433 81112 63860 84549 

78630 85335 67783 61286 13167 

64800 71516 68118 41096 93233 

16552 97233 25049 66595 34039 

38909 1067 91830 47842 76767 

11303 19245 87140 98203 6238 

39696 83047 22537 21652 62559 

10319 77050 47047 69716 6593 

82900 84198 75716 39545 90037 

8386 30426 82739 72490 32653 

42681 1970 2568 87467 93751 

15256 69061 65984 64211 74474 

76909 42913 76482 68101 91383 

13038 33638 28768 73368 80927 

91475 87462 94592 17022 40415 

57301 66927 90130 29129 92935 

2078 57730 226 56675 20576 

52122 29118 8343 72361 36396 

52259 78492 32671 69895 30635 

44779 70050 72403 62809 92348 

34879 56644 99951 72706 96795 

75402 38856 26421 18246 23884 

17385 18239 38938 51907 37444 

1370 10341 41319 22972 22197 

61684 12309 29637 22916 21169 

26916 30171 66177 68069 24488 

79140 3664 59092 56891 43305 

55885 5886 52631 55747 34636 

82115 57374 85686 12867 81279 

95853 82142 8701 90215 55568 

70842 48171 89541 41595 89583 

84012 45273 15907 34969 9663 

50354 47529 64558 15337 74612 

33153 62364 36957 72725 99433 

96991 36215 25394 21900 78002 

80711 9046 70468 1032 44025 

74449 78102 51207 27038 50548 

135 41321 16157 29358 14641 

62102 15027 84540 58791 16394 

17254 92176 45711 19990 87214 

70780 68304 41895 34371 6044 

87181 60482 8904 51718 32470 

95593 4500 47572 40738 31052 

54948 90711 63729 63062 53580 

75742 77763 89965 11180 53137 

85643 51438 53853 75104 79396 

12616 52572 54781 30367 17727 

72132 68954 64122 89230 66928 

71556 82905 39538 21590 9547 

52225 54089 47140 69789 93609 

2503 30819 48140 17988 99279 

54123 42688 6811 7640 34225 

75804 47542 21511 81517 11559 

66589 96405 87000 18785 27046 

84291 5941 76839 71432 75699 

41540 63634 50410 40332 62451 

79046 83398 68056 35756 71426 

12141 4648 91303 10364 12814 

10941 90043 4750 15110 61409 

41182 94876 66677 26143 79655 

85716 1848 41862 77706 38404 

36169 83068 65490 73473 97585 

9503 15884 92272 47490 65037 

17661 93587 26363 34804 37300 

89690 67056 94901 43824 53447 

82642 67581 58943 50772 63830 

68475 48009 20612 93204 5573 

59869 83183 85254 19749 75327 

18983 82956 72510 81323 5414 

96420 15643 8916 56947 67358 

73029 62053 84513 12559 13726 

62970 9074 83076 97668 8415 

37925 29386 15315 50212 68836 

78685 69329 54859 15645 69498 

67165 28521 44348 1143 50992 

29601 47111 16763 58886 4084 

20092 39063 27839 32376 47382 

90429 82091 94065 53473 84999 

16379 65232 55121 75786 37124 

26721 8035 20241 57351 16681 

58272 69566 59044 99334 41628 

14411 95581 81987 55105 33096 

75476 2144 33679 94869 9365 

23433 3792 69330 38477 19360 

96569 5415 2552 90495 83973 

87369 81152 972 49906 29715 

54184 90705 97769 49413 26616 

55670 62118 42556 521 82453 

76209 98645 85791 70480 88085 

25829 99886 64758 76649 60760 

71607 80328 11440 37511 68525 

34560 89927 8743 66375 47615 

720 68725 19860 77956 37451 

2270 31884 79504 28443 46567 

28314 91694 10013 89821 87735 

46909 33522 64298 28529 7785 

85166 98745 70355 6228 81171 

61505 58959 5855 69068 17147 

4594 36676 71144 98642 66708 

53535 78632 87971 77133 88746 

75115 12613 18566 42793 5430 

22579 53466 55103 44835 78542 

89526 56860 61598 69045 32711 

48615 20388 70257 21307 97945 

29635 8500 59170 9764 67474 

28379 51957 37294 46711 30652 

86543 28830 32894 55137 13215 

30801 49862 74833 82532 79399 

2333 86991 32968 4882 50511 

96120 63990 90320 47596 34660 

20579 63446 7575 94594 50794 

31275 8273 50901 2385 20996 

87317 32885 18302 15962 63959 

25267 80704 17258 34908 94670 

93529 49238 30198 67444 83942 

19246 50002 55891 56167 43290 

22232 82566 80807 31104 13955 

10074 9021 94783 46389 68303 

63290 22332 67724 76620 94056 

50808 40763 80782 30217 81568 

42843 7394 71072 30680 73429 

46538 12984 33450 12403 44650 

85017 53680 98408 41705 93530 

62834 23963 85481 18573 29328 

71018 13597 9580 43171 53591 

54104 28363 224 83306 58897 

38919 89297 95685 64644 73386 

66890 43733 17087 31670 28207 

82321 83566 42348 14655 57782 

93251 8558 86321 98713 9500 

30698 89742 74293 57804 59992 

18489 20183 10832 17453 39295 

47303 71196 65759 5331 85456 

18017 62063 25463 78044 4227 

27360 34748 78185 56751 17243 

99366 33738 93516 34297 92421 

74663 14822 27362 7617 71982 

91329 93508 55785 2368 98582 

76392 18201 56337 40276 35995 

87460 33917 55689 66215 30720 

95682 35850 32202 63868 87 

50584 5235 90279 69693 39830 

44902 89805 20176 58476 64309 

13420 9702 65547 13643 19023 

73129 67678 23973 20967 43601 

22715 17570 63557 43615 53597 

97914 31267 95215 49701 12652 

98569 19145 42722 83019 87980 

98585 49886 75261 29091 46065 

92073 16976 88631 29046 56114 

34665 78299 22988 63462 16159 

3274 32004 44160 57997 46099 

99957 44775 31625 86227 84210 

13040 46151 35515 13262 23627 

77278 11651 28993 31784 49119 

39934 83552 28955 60318 37350 

21441 34458 59505 66379 37551 

99637 29485 62221 52178 16758 

93749 98661 43431 43741 63797 

32162 95285 15231 62798 32378 

28907 31168 56263 8880 70166 

12246 11439 39105 4446 76389 

5201 77637 48862 11716 33565 

59048 59020 19198 14720 9765 

56442 73962 87604 89372 41487 

91275 87031 81362 15820 80879 

70988 25545 79892 96007 11605 

27954 63798 9120 64389 43652 

54802 45075 12010 34553 24571 

64581 67275 12041 74420 16480 

60972 81130 29777 15576 96542 

92633 76690 42950 4447 85070 

53772 58269 97564 19839 19925 

87223 71176 73855 22856 69448 

13237 84566 4630 57337 45551 

76076 37187 48669 16434 3902 

20067 36631 16188 85566 71102 

26217 42199 76301 11186 7262 

5186 57493 36863 83347 75634 

42246 79646 26955 47751 2855 

97110 7141 23122 81850 69563 

79964 26086 43717 44547 70876 

3898 70066 28416 83030 54826 

21483 45845 49555 25133 86140 

83437 96304 91528 18061 73987 

96826 65075 15986 85651 15099 

99345 6115 41609 43396 30153 

54227 4375 56134 74298 21588 

4492 40365 72950 15457 19303 

44945 93356 46053 17063 21394 

13472 56115 54407 60242 92619 

99267 56240 69188 74736 62972 

40899 51878 88900 14746 80055 

64460 64944 95138 19304 84784 

18970 70775 49574 62924 60030 

35692 28734 67963 85764 87120 

27779 47873 71225 19974 87155 

57905 33949 73227 45959 27047 

31189 33803 7082 49397 20917 

88032 41651 83056 54767 99733 

97520 41080 26215 11620 52685 

91526 15515 53179 17281 90064 

94483 17381 87648 49451 27397 

32072 56436 29824 7227 96808 

28052 67139 3291 51004 14174 

19165 78037 1531 59967 89072 

91733 81480 87431 22839 55453 

72562 69406 57832 27914 62531 

10865 78914 93974 87433 68766 

22299 85167 36418 82558 79431 

52598 75631 93469 87610 60646 

4295 3294 61463 62248 51049 

24022 6760 96901 13626 6985 

66746 66098 16372 11006 48136 

38605 50534 48527 73260 48593 

29442 5544 3211 1420 90403 

57809 94767 65764 72980 90140 

65750 25296 12351 71934 40205 

18388 24731 39266 2464 24331 

68953 81751 227 17373 47763 

35446 63591 42406 73832 91865 

83797 58950 89432 64103 11495 

70024 22285 43404 65410 17329 

38576 72430 86362 85940 18468 

72268 59269 47333 91180 58345 

60143 61842 52673 32062 18462 

13259 27617 66973 93324 12379 

76370 82811 75539 55895 7255 

14819 50862 43686 78519 10773 

93850 42210 65603 8311 88667 

2567 26499 29366 5590 50039 

65070 89246 90505 59017 11847 

15325 7051 65591 77495 74739 

84682 40142 92412 86526 65328 

66173 51093 87486 98540 23875 

58174 83516 62329 31383 70595 

77283 25838 80497 64366 10502 

71433 97514 82537 93500 32101 

68851 49728 50231 81312 51445 

42154 55492 65316 1376 35621 

75206 62771 88000 25983 9976 

60666 70582 29948 75470 53985 

1031 43051 38541 97944 99961 

9339 94546 64140 7552 97872 

59830 61457 88890 71719 84341 

77141 83517 96824 21546 36969 

14451 38642 87230 25378 23153 

5562 91138 77354 84523 47713 

2679 538 65398 76485 180 

70969 28901 79783 4948 22881 

51805 88722 25658 24205 71940 

32102 79438 49870 28805 98454 

43006 70482 81275 17357 67208 

15196 45572 29430 20849 73561 

40758 3322 96861 42513 16286 

5456 45212 80231 87675 83235 

53350 2483 11916 99977 12263 

79149 43386 10758 62687 50586 

29821 92258 36515 44501 25605 

65103 24979 24952 44949 89310 

62987 458 35749 63665 46092 

67316 59883 29399 70056 10374 

3561 20669 23798 23862 17177 

71688 96972 29033 81193 47073 

90901 98542 71797 47692 61615 

47419 72296 5361 49831 5689 

68412 49893 61327 13683 95406 

48242 19776 11745 21946 1270 

29767 11030 90708 83596 65578 

68068 71933 74120 62154 23510 

71411 72331 79006 70642 10496 

4879 88263 44672 16957 96723 

8274 89321 37228 79567 52236 

58617 45376 74628 44333 48700 

17560 4749 63229 20424 42802 

25323 13455 42377 97423 1606 

85895 13159 21637 86275 49148 

11799 7342 66377 67467 19260 

67664 28099 65044 55019 35867 

6595 85152 98417 86217 26615 

32174 71453 3736 57344 50457 

95261 59542 51258 79609 50689 

47710 29439 90137 11585 24907 

35038 80418 14631 40987 51437 

56922 26043 6825 5879 51458 

73377 52748 59952 96211 24712 

9569 44302 88840 97637 44659 

73076 87684 32709 39153 37068 

12751 17857 65157 58213 33655 

14630 58989 28710 37687 78651 

27806 28965 17956 76905 43181 

36294 94219 35661 11255 11283 

73769 24413 5493 57183 50623 

32489 35968 66576 55261 44372 

80293 95636 2634 37861 99828 

22093 95547 14394 26592 15838 

87957 68089 49753 12968 33696 

16907 29641 9165 75235 93923 

12409 17600 32347 18459 30214 

41494 15378 45470 91939 91118 

22517 39863 32419 48811 26199 

50111 21561 11804 22085 23806 

18787 2205 59112 49776 11725 

39955 36816 36130 26715 69421 

85280 5653 60475 46825 4734 

15533 54310 41538 94243 14601 

44822 91041 84741 79623 60293 

35485 33883 298 64655 68589 

30113 19733 62460 46554 23720 

62023 2668 65970 49147 67345 

17975 45188 87487 98833 38791 

23211 37597 27325 94062 54730 

83619 8776 91292 45154 60532 

26392 33851 45960 43782 28150 

63477 35694 14440 62526 65065